---Simulation End---
#Simulation results
{
    "duration": 106.18057811819017,
    "estimated_duration": 3600.063875986263,
    "input_throughput": 6677.986232511985,
    "output_throughput": 5819.1878593433985,
    "total_throughput": 12497.174091855384,
    "itl": 78.79902596586663,
    "ttft": 2053098.1154079563,
    "total_loads_from_disk": 0,
    "total_loads_from_memory": 441,
    "loading_time_from_disk": 0,
    "loading_time_from_memory": 3.282289619725223,
    "arrivals": 724561,
    "finished_requests": 97222,
    "scheduler_time": 336.1357550057971
}
#Debug simulation 
Total elapsed time: 106.18077639490366. Arrivals time: 0.6950880652293563 Scheduler time: 105.2448417157866 Scheduler overhead time: 0.09317078161984682 Adapter cache time: 0.019809370394796133 Engine time: 0.09131581615656614 
Execution time: 108.5033 seconds
Average CPU usage: 99.29%
Average memory usage: 335.74 MB
