---Simulation End---
#Simulation results
{
    "duration": 12.300765001680702,
    "estimated_duration": 3600.0181157400366,
    "input_throughput": 4458.863117887471,
    "output_throughput": 3955.0048200446768,
    "total_throughput": 8413.86793793215,
    "itl": 177.635682757921,
    "ttft": 2188909.9673559396,
    "total_loads_from_disk": 0,
    "total_loads_from_memory": 1491,
    "loading_time_from_disk": 0,
    "loading_time_from_memory": 4.939651502668814,
    "arrivals": 747110,
    "finished_requests": 65108,
    "scheduler_time": 97.31387333422184
}
#Debug simulation 
Total elapsed time: 12.301115059759468. Arrivals time: 0.4051210512407124 Scheduler time: 11.763919985387474 Scheduler overhead time: 0.03730262257158756 Adapter cache time: 0.04055341612547636 Engine time: 0.037802526261657476 
Execution time: 14.7300 seconds
Average CPU usage: 96.21%
Average memory usage: 330.05 MB
