---Simulation End---
#Simulation results
{
    "duration": 3.0059280688874424,
    "estimated_duration": 3600.025928338757,
    "input_throughput": 1999.2283787025958,
    "output_throughput": 1772.1522363990239,
    "total_throughput": 3771.3806151016197,
    "itl": 106.63508703026177,
    "ttft": 2625382.6835532147,
    "total_loads_from_disk": 0,
    "total_loads_from_memory": 384,
    "loading_time_from_disk": 0,
    "loading_time_from_memory": 1.226629614382985,
    "arrivals": 917037,
    "finished_requests": 29086,
    "scheduler_time": 0.2521345131122761
}
#Debug simulation 
Total elapsed time: 3.006057533901185. Arrivals time: 0.2726370196323842 Scheduler time: 2.2736688531003892 Scheduler overhead time: 0.04235579026862979 Adapter cache time: 0.35468052863143384 Engine time: 0.04237457807175815 
Execution time: 5.9297 seconds
Average CPU usage: 91.65%
Average memory usage: 339.70 MB
