---Simulation End---
#Simulation results
{
    "duration": 3.1445144969038665,
    "estimated_duration": 3599.965541911777,
    "input_throughput": 1839.4148285329,
    "output_throughput": 1589.263823053618,
    "total_throughput": 3428.678651586518,
    "itl": 26.72028733958859,
    "ttft": 85811.53830899803,
    "total_loads_from_disk": 0,
    "total_loads_from_memory": 3939,
    "loading_time_from_disk": 0,
    "loading_time_from_memory": 29.312667330486025,
    "arrivals": 27136,
    "finished_requests": 26793,
    "scheduler_time": 6.529165118831639
}
#Debug simulation 
Total elapsed time: 3.144622745923698. Arrivals time: 0.07976760994642973 Scheduler time: 2.7033478491939604 Scheduler overhead time: 0.13514627050608397 Adapter cache time: 0.03982555074617267 Engine time: 0.1268105967901647 
Execution time: 3.2823 seconds
Average CPU usage: 85.51%
Average memory usage: 131.35 MB
