---Simulation End---
#Simulation results
{
    "duration": 3.772578788921237,
    "estimated_duration": 3600.058881015284,
    "input_throughput": 2691.354591752541,
    "output_throughput": 2324.441981804484,
    "total_throughput": 5015.796573557025,
    "itl": 143.74427670158676,
    "ttft": 2445010.632666652,
    "total_loads_from_disk": 0,
    "total_loads_from_memory": 8862,
    "loading_time_from_disk": 0,
    "loading_time_from_memory": 62.678314994992704,
    "arrivals": 940232,
    "finished_requests": 39232,
    "scheduler_time": 67.04996240967414
}
#Debug simulation 
Total elapsed time: 3.772760753054172. Arrivals time: 0.48694069031625986 Scheduler time: 2.9698049472644925 Scheduler overhead time: 0.03695259056985378 Adapter cache time: 0.22471976559609175 Engine time: 0.03675335831940174 
Execution time: 6.9524 seconds
Average CPU usage: 92.45%
Average memory usage: 364.54 MB
