---Simulation End---
#Simulation results
{
    "duration": 1.041929307859391,
    "estimated_duration": 3600.016665688483,
    "input_throughput": 475.01668986661736,
    "output_throughput": 421.81221394695666,
    "total_throughput": 896.828903813574,
    "itl": 19.057103197474838,
    "ttft": 5880.2239114971235,
    "total_loads_from_disk": 0,
    "total_loads_from_memory": 4290,
    "loading_time_from_disk": 0,
    "loading_time_from_memory": 13.83532041572345,
    "arrivals": 6910,
    "finished_requests": 6900,
    "scheduler_time": 0.0
}
#Debug simulation 
Total elapsed time: 1.0420482880435884. Arrivals time: 0.032515525817871094 Scheduler time: 0.5796238826587796 Scheduler overhead time: 0.16220250399783254 Adapter cache time: 0.03922222461551428 Engine time: 0.15221027238294482 
Execution time: 1.1422 seconds
Average CPU usage: 66.93%
Average memory usage: 129.79 MB
