---Simulation End---
#Simulation results
{
    "duration": 114.23662453098223,
    "estimated_duration": 3600.0415798628237,
    "input_throughput": 7176.920995724861,
    "output_throughput": 6266.782063350405,
    "total_throughput": 13443.703059075267,
    "itl": 86.68698499912642,
    "ttft": 1842712.293671937,
    "total_loads_from_disk": 0,
    "total_loads_from_memory": 252,
    "loading_time_from_disk": 0,
    "loading_time_from_memory": 1.7808874777145682,
    "arrivals": 420580,
    "finished_requests": 104999,
    "scheduler_time": 283.23894449884824
}
#Debug simulation 
Total elapsed time: 114.23681711126119. Arrivals time: 0.6250776811502874 Scheduler time: 113.3705430184491 Scheduler overhead time: 0.09280087100341916 Adapter cache time: 0.018981553614139557 Engine time: 0.09235959639772773 
Execution time: 115.6502 seconds
Average CPU usage: 99.38%
Average memory usage: 248.37 MB
