---Simulation End---
#Simulation results
{
    "duration": 1.4960893699899316,
    "estimated_duration": 3599.822436582879,
    "input_throughput": 932.250148200535,
    "output_throughput": 851.7314545409827,
    "total_throughput": 1783.9816027415177,
    "itl": 21.84671219452797,
    "ttft": 5002.1701174205355,
    "total_loads_from_disk": 0,
    "total_loads_from_memory": 64,
    "loading_time_from_disk": 0,
    "loading_time_from_memory": 0.20443826906383042,
    "arrivals": 13777,
    "finished_requests": 13758,
    "scheduler_time": 0.0
}
#Debug simulation 
Total elapsed time: 1.4962100060656667. Arrivals time: 0.04903077846392989 Scheduler time: 1.0179619644768536 Scheduler overhead time: 0.1414190297946334 Adapter cache time: 0.07725496916100383 Engine time: 0.1414195029065013 
Execution time: 1.5998 seconds
Average CPU usage: 74.45%
Average memory usage: 128.43 MB
