---Simulation End---
#Simulation results
{
    "duration": 112.3048667870462,
    "estimated_duration": 3600.0452180486172,
    "input_throughput": 7080.597174781309,
    "output_throughput": 6183.899826699165,
    "total_throughput": 13264.497001480473,
    "itl": 84.3105062179039,
    "ttft": 1862940.0844689913,
    "total_loads_from_disk": 0,
    "total_loads_from_memory": 246,
    "loading_time_from_disk": 0,
    "loading_time_from_memory": 1.8291940827295223,
    "arrivals": 419002,
    "finished_requests": 103382,
    "scheduler_time": 292.98405462189663
}
#Debug simulation 
Total elapsed time: 112.3050496801734. Arrivals time: 0.6563158864155412 Scheduler time: 111.40551017969847 Scheduler overhead time: 0.09345692349597812 Adapter cache time: 0.019000352825969458 Engine time: 0.09367408277466893 
Execution time: 113.6727 seconds
Average CPU usage: 99.29%
Average memory usage: 252.10 MB
