---Simulation End---
#Simulation results
{
    "duration": 66.25596556300297,
    "estimated_duration": 3600.026345415972,
    "input_throughput": 7031.091878599922,
    "output_throughput": 6198.932135153977,
    "total_throughput": 13230.024013753899,
    "itl": 79.46847409565092,
    "ttft": 374623.04817808146,
    "total_loads_from_disk": 0,
    "total_loads_from_memory": 115,
    "loading_time_from_disk": 0,
    "loading_time_from_memory": 0.3679629077017308,
    "arrivals": 108939,
    "finished_requests": 102282,
    "scheduler_time": 105.37707462541759
}
#Debug simulation 
Total elapsed time: 66.25615901499987. Arrivals time: 0.384361264295876 Scheduler time: 65.57527016662061 Scheduler overhead time: 0.11677339486777782 Adapter cache time: 0.01977289281785488 Engine time: 0.11479263426735997 
Execution time: 66.6425 seconds
Average CPU usage: 99.02%
Average memory usage: 156.25 MB
