---Simulation End---
#Simulation results
{
    "duration": 0.7910615252330899,
    "estimated_duration": 3598.0597215888556,
    "input_throughput": 234.23652335260073,
    "output_throughput": 209.00709220799646,
    "total_throughput": 443.24361556059716,
    "itl": 18.249494975535743,
    "ttft": 11675.719624385238,
    "total_loads_from_disk": 0,
    "total_loads_from_memory": 1340,
    "loading_time_from_disk": 0,
    "loading_time_from_memory": 4.28492080702675,
    "arrivals": 3402,
    "finished_requests": 3391,
    "scheduler_time": 0.0
}
#Debug simulation 
Total elapsed time: 0.7911778171546757. Arrivals time: 0.023260802030563354 Scheduler time: 0.3579071485437453 Scheduler overhead time: 0.15203862451016903 Adapter cache time: 0.03013203013688326 Engine time: 0.15122543880715966 
Execution time: 0.8793 seconds
Average CPU usage: 50.45%
Average memory usage: 123.04 MB
