---Simulation End---
#Simulation results
{
    "duration": 6.673759025055915,
    "estimated_duration": 3600.029627552256,
    "input_throughput": 3791.46379672451,
    "output_throughput": 3267.4303316769738,
    "total_throughput": 7058.894128401484,
    "itl": 129.9190265294386,
    "ttft": 817724.7488523562,
    "total_loads_from_disk": 0,
    "total_loads_from_memory": 4045,
    "loading_time_from_disk": 0,
    "loading_time_from_memory": 28.64660166432614,
    "arrivals": 67639,
    "finished_requests": 55317,
    "scheduler_time": 60.25004653845684
}
#Debug simulation 
Total elapsed time: 6.673901197034866. Arrivals time: 0.1781470593996346 Scheduler time: 6.299184749368578 Scheduler overhead time: 0.04294993495568633 Adapter cache time: 0.089322030544281 Engine time: 0.04431477654725313 
Execution time: 6.9327 seconds
Average CPU usage: 92.59%
Average memory usage: 140.16 MB
