---Simulation End---
#Simulation results
{
    "duration": 94.1425837171264,
    "estimated_duration": 3600.013300929917,
    "input_throughput": 6683.296140540672,
    "output_throughput": 5792.969985586725,
    "total_throughput": 12476.266126127397,
    "itl": 96.82734605562497,
    "ttft": 1950765.1258039768,
    "total_loads_from_disk": 0,
    "total_loads_from_memory": 353,
    "loading_time_from_disk": 0,
    "loading_time_from_memory": 2.5034038672177124,
    "arrivals": 611360,
    "finished_requests": 97078,
    "scheduler_time": 241.142240703187
}
#Debug simulation 
Total elapsed time: 94.14276475599036. Arrivals time: 0.5777285322546959 Scheduler time: 93.35370273981243 Scheduler overhead time: 0.08213064540177584 Adapter cache time: 0.017575700767338276 Engine time: 0.079884709790349 
Execution time: 96.1133 seconds
Average CPU usage: 99.30%
Average memory usage: 305.68 MB
