---Simulation End---
#Simulation results
{
    "duration": 4.154639086686075,
    "estimated_duration": 3600.0198463997804,
    "input_throughput": 3852.302373796393,
    "output_throughput": 3458.0342695748423,
    "total_throughput": 7310.336643371235,
    "itl": 30.483795484803856,
    "ttft": 7323.5606802886105,
    "total_loads_from_disk": 0,
    "total_loads_from_memory": 16,
    "loading_time_from_disk": 0,
    "loading_time_from_memory": 0.05303479295223951,
    "arrivals": 56438,
    "finished_requests": 56324,
    "scheduler_time": 29.26297014160725
}
#Debug simulation 
Total elapsed time: 4.154736994765699. Arrivals time: 0.1463810782879591 Scheduler time: 3.7036291705444455 Scheduler overhead time: 0.11554578598588705 Adapter cache time: 0.02004926186054945 Engine time: 0.1147675453685224 
Execution time: 4.4008 seconds
Average CPU usage: 88.49%
Average memory usage: 142.85 MB
