---Simulation End---
#Simulation results
{
    "duration": 5.16023591067642,
    "estimated_duration": 3600.0019659569953,
    "input_throughput": 2768.262654920741,
    "output_throughput": 2409.7295173820553,
    "total_throughput": 5177.9921723027965,
    "itl": 35.61383491042444,
    "ttft": 84038.796269841,
    "total_loads_from_disk": 0,
    "total_loads_from_memory": 5223,
    "loading_time_from_disk": 0,
    "loading_time_from_memory": 36.95675826613326,
    "arrivals": 40512,
    "finished_requests": 40030,
    "scheduler_time": 24.83745364153496
}
#Debug simulation 
Total elapsed time: 5.160371537785977. Arrivals time: 0.11479466827586293 Scheduler time: 4.7229013312608 Scheduler overhead time: 0.11636312585324049 Adapter cache time: 0.052792774979025126 Engine time: 0.10464196419343352 
Execution time: 5.3691 seconds
Average CPU usage: 90.58%
Average memory usage: 134.27 MB
