---Simulation End---
#Simulation results
{
    "duration": 90.4601331599988,
    "estimated_duration": 3600.059821327217,
    "input_throughput": 6549.2414488011855,
    "output_throughput": 5677.543989384229,
    "total_throughput": 12226.785438185414,
    "itl": 95.96034701702933,
    "ttft": 2061243.3872263355,
    "total_loads_from_disk": 0,
    "total_loads_from_memory": 738,
    "loading_time_from_disk": 0,
    "loading_time_from_memory": 5.229140077186748,
    "arrivals": 783079,
    "finished_requests": 95018,
    "scheduler_time": 260.71873372399995
}
#Debug simulation 
Total elapsed time: 90.46031899005175. Arrivals time: 0.6691364753060043 Scheduler time: 89.57128766179085 Scheduler overhead time: 0.08347584353759885 Adapter cache time: 0.023561384994536638 Engine time: 0.08123832894489169 
Execution time: 93.0038 seconds
Average CPU usage: 99.25%
Average memory usage: 354.59 MB
