---Simulation End---
#Simulation results
{
    "duration": 33.01633864827454,
    "estimated_duration": 3600.106795002939,
    "input_throughput": 4628.653800806594,
    "output_throughput": 4084.2421731514205,
    "total_throughput": 8712.895973958015,
    "itl": 210.05692471188905,
    "ttft": 2183272.323924185,
    "total_loads_from_disk": 0,
    "total_loads_from_memory": 799,
    "loading_time_from_disk": 0,
    "loading_time_from_memory": 2.5545312895951717,
    "arrivals": 807043,
    "finished_requests": 67463,
    "scheduler_time": 103.26882085825079
}
#Debug simulation 
Total elapsed time: 33.016520569100976. Arrivals time: 0.49227608274668455 Scheduler time: 32.40534312557429 Scheduler overhead time: 0.039962437469512224 Adapter cache time: 0.02378520229831338 Engine time: 0.03960714815184474 
Execution time: 35.5286 seconds
Average CPU usage: 98.31%
Average memory usage: 351.64 MB
