---Simulation End---
#Simulation results
{
    "duration": 4.15742535283789,
    "estimated_duration": 3600.0678866335656,
    "input_throughput": 2894.766245573508,
    "output_throughput": 2559.9533926061363,
    "total_throughput": 5454.719638179644,
    "itl": 271.725612274668,
    "ttft": 2383810.418924061,
    "total_loads_from_disk": 0,
    "total_loads_from_memory": 2988,
    "loading_time_from_disk": 0,
    "loading_time_from_memory": 9.540625733733153,
    "arrivals": 717827,
    "finished_requests": 42319,
    "scheduler_time": 49.35679978898163
}
#Debug simulation 
Total elapsed time: 4.157548232935369. Arrivals time: 0.28422507271170616 Scheduler time: 3.715670990757644 Scheduler overhead time: 0.021922349464148283 Adapter cache time: 0.10346214659512043 Engine time: 0.02205702941864729 
Execution time: 6.4244 seconds
Average CPU usage: 92.12%
Average memory usage: 310.33 MB
