---Simulation End---
#Simulation results
{
    "duration": 23.82681513391435,
    "estimated_duration": 3600.130037333118,
    "input_throughput": 4431.858525815707,
    "output_throughput": 3908.4110446252857,
    "total_throughput": 8340.269570440993,
    "itl": 179.12014772942007,
    "ttft": 2218538.1208618903,
    "total_loads_from_disk": 0,
    "total_loads_from_memory": 1282,
    "loading_time_from_disk": 0,
    "loading_time_from_memory": 4.245646630004037,
    "arrivals": 823866,
    "finished_requests": 64509,
    "scheduler_time": 116.63190161545741
}
#Debug simulation 
Total elapsed time: 23.827004874125123. Arrivals time: 0.46388961002230644 Scheduler time: 23.227268655784428 Scheduler overhead time: 0.04108987981453538 Adapter cache time: 0.03684004442766309 Engine time: 0.04103455180302262 
Execution time: 26.4853 seconds
Average CPU usage: 97.83%
Average memory usage: 355.61 MB
