---Simulation End---
#Simulation results
{
    "duration": 3.705068161012605,
    "estimated_duration": 3600.1243272323627,
    "input_throughput": 2845.0045245726114,
    "output_throughput": 2505.5718025534175,
    "total_throughput": 5350.576327126028,
    "itl": 132.64128120300182,
    "ttft": 1816509.869283885,
    "total_loads_from_disk": 0,
    "total_loads_from_memory": 9877,
    "loading_time_from_disk": 0,
    "loading_time_from_memory": 32.692145095169195,
    "arrivals": 67638,
    "finished_requests": 40928,
    "scheduler_time": 53.27365940056872
}
#Debug simulation 
Total elapsed time: 3.705180504010059. Arrivals time: 0.18414745340123773 Scheduler time: 3.167981798062101 Scheduler overhead time: 0.041055302834138274 Adapter cache time: 0.2511854440672323 Engine time: 0.0415275254053995 
Execution time: 4.0037 seconds
Average CPU usage: 87.19%
Average memory usage: 145.81 MB
