---Simulation End---
#Simulation results
{
    "duration": 4.984827844891697,
    "estimated_duration": 3600.0134719649795,
    "input_throughput": 2719.6089893119274,
    "output_throughput": 2366.050867957102,
    "total_throughput": 5085.659857269029,
    "itl": 26.68433752138631,
    "ttft": 183491.02627337808,
    "total_loads_from_disk": 0,
    "total_loads_from_memory": 3495,
    "loading_time_from_disk": 0,
    "loading_time_from_memory": 11.166493373909335,
    "arrivals": 40510,
    "finished_requests": 39124,
    "scheduler_time": 32.663068875981494
}
#Debug simulation 
Total elapsed time: 4.984984189271927. Arrivals time: 0.11091471556574106 Scheduler time: 4.501321490388364 Scheduler overhead time: 0.1372081646695733 Adapter cache time: 0.03890362707898021 Engine time: 0.13431671587750316 
Execution time: 5.1860 seconds
Average CPU usage: 89.84%
Average memory usage: 138.28 MB
