---Simulation End---
#Simulation results
{
    "duration": 0.8075255998410285,
    "estimated_duration": 3598.959634799976,
    "input_throughput": 232.52497524788456,
    "output_throughput": 215.9087844404754,
    "total_throughput": 448.43375968835994,
    "itl": 18.13930168587076,
    "ttft": 7435.4690250280655,
    "total_loads_from_disk": 0,
    "total_loads_from_memory": 16,
    "loading_time_from_disk": 0,
    "loading_time_from_memory": 0.051109567265957584,
    "arrivals": 3403,
    "finished_requests": 3396,
    "scheduler_time": 0.0
}
#Debug simulation 
Total elapsed time: 0.8076125192455947. Arrivals time: 0.024406705051660538 Scheduler time: 0.36216552136465907 Scheduler overhead time: 0.15286247106269002 Adapter cache time: 0.030655647162348032 Engine time: 0.1587241035886109 
Execution time: 0.9112 seconds
Average CPU usage: 49.45%
Average memory usage: 122.28 MB
