---Simulation End---
#Simulation results
{
    "duration": 3.5562343730125576,
    "estimated_duration": 3600.009651621338,
    "input_throughput": 2797.3652780248867,
    "output_throughput": 2425.6468301598043,
    "total_throughput": 5223.012108184691,
    "itl": 137.14386276242672,
    "ttft": 2420115.350169131,
    "total_loads_from_disk": 0,
    "total_loads_from_memory": 7145,
    "loading_time_from_disk": 0,
    "loading_time_from_memory": 50.50381760935772,
    "arrivals": 822689,
    "finished_requests": 40519,
    "scheduler_time": 46.36585380459713
}
#Debug simulation 
Total elapsed time: 3.5563652941491455. Arrivals time: 0.28696376574225724 Scheduler time: 2.9456309338565916 Scheduler overhead time: 0.03745163534767926 Adapter cache time: 0.22946649184450507 Engine time: 0.03882690751925111 
Execution time: 6.1997 seconds
Average CPU usage: 91.23%
Average memory usage: 327.95 MB
