---Simulation End---
#Simulation results
{
    "duration": 6.141334196086973,
    "estimated_duration": 3600.0056323404424,
    "input_throughput": 2635.3592102110388,
    "output_throughput": 2323.0666432493877,
    "total_throughput": 4958.425853460426,
    "itl": 25.14839699140637,
    "ttft": 378463.062572021,
    "total_loads_from_disk": 0,
    "total_loads_from_memory": 1700,
    "loading_time_from_disk": 0,
    "loading_time_from_memory": 5.6251165707594915,
    "arrivals": 40504,
    "finished_requests": 38214,
    "scheduler_time": 66.78127914082887
}
#Debug simulation 
Total elapsed time: 6.141701314132661. Arrivals time: 0.1234246389940381 Scheduler time: 5.631536259315908 Scheduler overhead time: 0.14478563889861107 Adapter cache time: 0.0301072564907372 Engine time: 0.143953544087708 
Execution time: 6.3626 seconds
Average CPU usage: 91.87%
Average memory usage: 140.62 MB
