---Simulation End---
#Simulation results
{
    "duration": 101.35127814905718,
    "estimated_duration": 3600.0003259496298,
    "input_throughput": 6870.189100184557,
    "output_throughput": 6017.390010731654,
    "total_throughput": 12887.579110916211,
    "itl": 76.51404042954753,
    "ttft": 1898280.582616587,
    "total_loads_from_disk": 0,
    "total_loads_from_memory": 253,
    "loading_time_from_disk": 0,
    "loading_time_from_memory": 1.8859337135218135,
    "arrivals": 422838,
    "finished_requests": 100554,
    "scheduler_time": 347.066327907912
}
#Debug simulation 
Total elapsed time: 101.35146984597668. Arrivals time: 0.6334430007264018 Scheduler time: 100.46288402751088 Scheduler overhead time: 0.0993201695382595 Adapter cache time: 0.019485502038151026 Engine time: 0.09682536963373423 
Execution time: 102.7224 seconds
Average CPU usage: 99.26%
Average memory usage: 252.76 MB
