---Simulation End---
#Simulation results
{
    "duration": 1.4868211569264531,
    "estimated_duration": 3599.040165507933,
    "input_throughput": 941.9878201113471,
    "output_throughput": 845.4179059073058,
    "total_throughput": 1787.405726018653,
    "itl": 22.150554615053885,
    "ttft": 7611.48019331544,
    "total_loads_from_disk": 0,
    "total_loads_from_memory": 5462,
    "loading_time_from_disk": 0,
    "loading_time_from_memory": 18.037505167237217,
    "arrivals": 13787,
    "finished_requests": 13758,
    "scheduler_time": 0.0
}
#Debug simulation 
Total elapsed time: 1.4869229579344392. Arrivals time: 0.05185697600245476 Scheduler time: 1.016655266750604 Scheduler overhead time: 0.14068010821938515 Adapter cache time: 0.06982872867956758 Engine time: 0.13945061014965177 
Execution time: 1.6014 seconds
Average CPU usage: 74.90%
Average memory usage: 126.83 MB
