---Simulation End---
#Simulation results
{
    "duration": 1.0380797991529107,
    "estimated_duration": 3599.996796312742,
    "input_throughput": 478.1009810238947,
    "output_throughput": 426.4981573240867,
    "total_throughput": 904.5991383479815,
    "itl": 19.346792907609196,
    "ttft": 5764.097669724915,
    "total_loads_from_disk": 0,
    "total_loads_from_memory": 2741,
    "loading_time_from_disk": 0,
    "loading_time_from_memory": 9.07388399658692,
    "arrivals": 6911,
    "finished_requests": 6900,
    "scheduler_time": 0.0
}
#Debug simulation 
Total elapsed time: 1.0381880532950163. Arrivals time: 0.03194784885272384 Scheduler time: 0.5799630447290838 Scheduler overhead time: 0.15481389360502362 Adapter cache time: 0.042504810728132725 Engine time: 0.15266703441739082 
Execution time: 1.1346 seconds
Average CPU usage: 66.27%
Average memory usage: 127.73 MB
