---Simulation End---
#Simulation results
{
    "duration": 69.75631352001801,
    "estimated_duration": 3600.023416824406,
    "input_throughput": 5383.190261883026,
    "output_throughput": 4758.894044948273,
    "total_throughput": 10142.084306831299,
    "itl": 48.3995982343519,
    "ttft": 2202808.9028036944,
    "total_loads_from_disk": 0,
    "total_loads_from_memory": 575,
    "loading_time_from_disk": 0,
    "loading_time_from_memory": 1.8377715619164503,
    "arrivals": 752827,
    "finished_requests": 78212,
    "scheduler_time": 483.7283769978834
}
#Debug simulation 
Total elapsed time: 69.75649642711505. Arrivals time: 0.5867818286642432 Scheduler time: 68.89114296576008 Scheduler overhead time: 0.10649397550150752 Adapter cache time: 0.021307056304067373 Engine time: 0.10650971392169595 
Execution time: 72.2024 seconds
Average CPU usage: 99.07%
Average memory usage: 349.76 MB
