---Simulation End---
#Simulation results
{
    "duration": 2.4013522709719837,
    "estimated_duration": 3599.77246681368,
    "input_throughput": 2009.8950882871131,
    "output_throughput": 1768.3648226896341,
    "total_throughput": 3778.2599109767475,
    "itl": 22.040375800193644,
    "ttft": 4889.368805636927,
    "total_loads_from_disk": 0,
    "total_loads_from_memory": 8,
    "loading_time_from_disk": 0,
    "loading_time_from_memory": 0.025554783632978802,
    "arrivals": 28948,
    "finished_requests": 28909,
    "scheduler_time": 0.5035929822526374
}
#Debug simulation 
Total elapsed time: 2.401491283904761. Arrivals time: 0.09117530146613717 Scheduler time: 1.9326046793721616 Scheduler overhead time: 0.14217227464541793 Adapter cache time: 0.024052327498793602 Engine time: 0.1421964685432613 
Execution time: 2.5611 seconds
Average CPU usage: 79.72%
Average memory usage: 135.28 MB
