---Simulation End---
#Simulation results
{
    "duration": 214.80584454583004,
    "estimated_duration": 3600.090150954202,
    "input_throughput": 7235.091597107996,
    "output_throughput": 6324.1138541948785,
    "total_throughput": 13559.205451302874,
    "itl": 83.86783669084616,
    "ttft": 1500877.2388256898,
    "total_loads_from_disk": 0,
    "total_loads_from_memory": 118,
    "loading_time_from_disk": 0,
    "loading_time_from_memory": 0.8379841503594072,
    "arrivals": 213912,
    "finished_requests": 105459,
    "scheduler_time": 239.39539095175843
}
#Debug simulation 
Total elapsed time: 214.80609733378515. Arrivals time: 0.9410679959692061 Scheduler time: 213.46731644729152 Scheduler overhead time: 0.15893900534138083 Adapter cache time: 0.03127411426976323 Engine time: 0.15734578482806683 
Execution time: 215.6001 seconds
Average CPU usage: 99.46%
Average memory usage: 189.11 MB
