---Simulation End---
#Simulation results
{
    "duration": 132.18384547159076,
    "estimated_duration": 3600.04502643412,
    "input_throughput": 5783.536829988873,
    "output_throughput": 5020.958590038563,
    "total_throughput": 10804.495420027437,
    "itl": 69.85556278141956,
    "ttft": 1201976.401815794,
    "total_loads_from_disk": 0,
    "total_loads_from_memory": 71,
    "loading_time_from_disk": 0,
    "loading_time_from_memory": 0.5321312286518515,
    "arrivals": 108820,
    "finished_requests": 84292,
    "scheduler_time": 229.92419471691372
}
#Debug simulation 
Total elapsed time: 132.1840383866802. Arrivals time: 0.41074394434690475 Scheduler time: 131.4325728509575 Scheduler overhead time: 0.1367618110962212 Adapter cache time: 0.02216544235125184 Engine time: 0.12940953159704804 
Execution time: 132.5738 seconds
Average CPU usage: 99.43%
Average memory usage: 159.24 MB
