---Simulation End---
#Simulation results
{
    "duration": 110.83872039988637,
    "estimated_duration": 3600.0272465138696,
    "input_throughput": 7554.275047872259,
    "output_throughput": 6678.912506366045,
    "total_throughput": 14233.187554238304,
    "itl": 123.27716613548391,
    "ttft": 1734633.8584434846,
    "total_loads_from_disk": 0,
    "total_loads_from_memory": 263,
    "loading_time_from_disk": 0,
    "loading_time_from_memory": 0.83868342831964,
    "arrivals": 417566,
    "finished_requests": 110156,
    "scheduler_time": 194.71980406718274
}
#Debug simulation 
Total elapsed time: 110.83891661185771. Arrivals time: 0.6172355976887047 Scheduler time: 110.01687439484522 Scheduler overhead time: 0.07744435919448733 Adapter cache time: 0.017901729326695204 Engine time: 0.08038655063137412 
Execution time: 112.1695 seconds
Average CPU usage: 99.35%
Average memory usage: 250.78 MB
