---Simulation End---
#Simulation results
{
    "duration": 84.6514706700109,
    "estimated_duration": 3600.0290041386615,
    "input_throughput": 6436.362033017533,
    "output_throughput": 5612.330894215703,
    "total_throughput": 12048.692927233236,
    "itl": 91.28270609452149,
    "ttft": 2010860.1108450692,
    "total_loads_from_disk": 0,
    "total_loads_from_memory": 498,
    "loading_time_from_disk": 0,
    "loading_time_from_memory": 3.7053429164830898,
    "arrivals": 664999,
    "finished_requests": 93835,
    "scheduler_time": 256.523074388388
}
#Debug simulation 
Total elapsed time: 84.65164686110802. Arrivals time: 0.6454846728593111 Scheduler time: 83.79539456008933 Scheduler overhead time: 0.08008264400996268 Adapter cache time: 0.019076940370723605 Engine time: 0.07916702213697135 
Execution time: 86.7865 seconds
Average CPU usage: 99.21%
Average memory usage: 322.34 MB
