---Simulation End---
#Simulation results
{
    "duration": 26.203955073840916,
    "estimated_duration": 3600.009008951485,
    "input_throughput": 4821.022657677991,
    "output_throughput": 4309.261716130629,
    "total_throughput": 9130.28437380862,
    "itl": 41.36456993985071,
    "ttft": 713219.6538928332,
    "total_loads_from_disk": 0,
    "total_loads_from_memory": 1929,
    "loading_time_from_disk": 0,
    "loading_time_from_memory": 6.161284310524166,
    "arrivals": 80872,
    "finished_requests": 70525,
    "scheduler_time": 175.88861372456458
}
#Debug simulation 
Total elapsed time: 26.20413425983861. Arrivals time: 0.26560219074599445 Scheduler time: 25.624096249463037 Scheduler overhead time: 0.12300377897918224 Adapter cache time: 0.03313529794104397 Engine time: 0.11010644864290953 
Execution time: 26.5059 seconds
Average CPU usage: 97.89%
Average memory usage: 153.53 MB
