---Simulation End---
#Simulation results
{
    "duration": 2.6437612799927592,
    "estimated_duration": 3599.9145702312235,
    "input_throughput": 1854.253724574151,
    "output_throughput": 1616.9822606724015,
    "total_throughput": 3471.2359852465524,
    "itl": 31.430944125306713,
    "ttft": 25834.622837353207,
    "total_loads_from_disk": 0,
    "total_loads_from_memory": 8627,
    "loading_time_from_disk": 0,
    "loading_time_from_memory": 61.061483012200334,
    "arrivals": 27125,
    "finished_requests": 27004,
    "scheduler_time": 4.391668576905716
}
#Debug simulation 
Total elapsed time: 2.6438691820949316. Arrivals time: 0.07675435254350305 Scheduler time: 2.2250371505506337 Scheduler overhead time: 0.11019684001803398 Adapter cache time: 0.07181194657459855 Engine time: 0.10762378992512822 
Execution time: 2.7860 seconds
Average CPU usage: 83.12%
Average memory usage: 130.89 MB
