---Simulation End---
#Simulation results
{
    "duration": 123.2955888742581,
    "estimated_duration": 3600.0302419965155,
    "input_throughput": 7246.439681443446,
    "output_throughput": 6419.636349272193,
    "total_throughput": 13666.076030715638,
    "itl": 118.852728906989,
    "ttft": 1990035.1056952649,
    "total_loads_from_disk": 0,
    "total_loads_from_memory": 620,
    "loading_time_from_disk": 0,
    "loading_time_from_memory": 1.9788613502820915,
    "arrivals": 826895,
    "finished_requests": 105387,
    "scheduler_time": 244.12386366403578
}
#Debug simulation 
Total elapsed time: 123.2957716290839. Arrivals time: 0.7756049344316125 Scheduler time: 122.31439954089001 Scheduler overhead time: 0.07782602868974209 Adapter cache time: 0.02187484037131071 Engine time: 0.07664965186268091 
Execution time: 126.0093 seconds
Average CPU usage: 99.42%
Average memory usage: 365.25 MB
