---Simulation End---
#Simulation results
{
    "duration": 7.682398373959586,
    "estimated_duration": 3599.93415282527,
    "input_throughput": 7441.908341288577,
    "output_throughput": 6575.81027736898,
    "total_throughput": 14017.718618657556,
    "itl": 98.99189588279772,
    "ttft": 24289.25503411948,
    "total_loads_from_disk": 0,
    "total_loads_from_memory": 32,
    "loading_time_from_disk": 0,
    "loading_time_from_memory": 0.10619533969089384,
    "arrivals": 109047,
    "finished_requests": 108317,
    "scheduler_time": 89.73249730912376
}
#Debug simulation 
Total elapsed time: 7.682580993976444. Arrivals time: 0.23679183493368328 Scheduler time: 7.300016815541312 Scheduler overhead time: 0.05601381650194526 Adapter cache time: 0.00934463832527399 Engine time: 0.05492985504679382 
Execution time: 8.0629 seconds
Average CPU usage: 93.33%
Average memory usage: 151.14 MB
