---Simulation End---
#Simulation results
{
    "duration": 31.26161918300204,
    "estimated_duration": 3600.029580506729,
    "input_throughput": 5120.960422054382,
    "output_throughput": 4431.190256429667,
    "total_throughput": 9552.15067848405,
    "itl": 58.6869951565352,
    "ttft": 513990.0230087828,
    "total_loads_from_disk": 0,
    "total_loads_from_memory": 2509,
    "loading_time_from_disk": 0,
    "loading_time_from_memory": 18.67876202526032,
    "arrivals": 80870,
    "finished_requests": 74277,
    "scheduler_time": 114.97988332363164
}
#Debug simulation 
Total elapsed time: 31.261792595032603. Arrivals time: 0.27913341321982443 Scheduler time: 30.71207267441787 Scheduler overhead time: 0.0988498202059418 Adapter cache time: 0.0400325171649456 Engine time: 0.0919829597696662 
Execution time: 31.5655 seconds
Average CPU usage: 98.17%
Average memory usage: 148.85 MB
