---Simulation End---
#Simulation results
{
    "duration": 121.65506689203903,
    "estimated_duration": 3600.0513547363225,
    "input_throughput": 7342.669699759352,
    "output_throughput": 6488.9649335880085,
    "total_throughput": 13831.63463334736,
    "itl": 120.97634049563098,
    "ttft": 1954408.081835738,
    "total_loads_from_disk": 0,
    "total_loads_from_memory": 506,
    "loading_time_from_disk": 0,
    "loading_time_from_memory": 1.6739993304759306,
    "arrivals": 736825,
    "finished_requests": 106890,
    "scheduler_time": 231.7086027363962
}
#Debug simulation 
Total elapsed time: 121.65525526413694. Arrivals time: 0.7501274989917874 Scheduler time: 120.70125343464315 Scheduler overhead time: 0.07879615854471922 Adapter cache time: 0.020826040767133236 Engine time: 0.07614888716489077 
Execution time: 124.0196 seconds
Average CPU usage: 99.34%
Average memory usage: 341.67 MB
