---Simulation End---
#Simulation results
{
    "duration": 4.4469137117266655,
    "estimated_duration": 3600.24396374519,
    "input_throughput": 3757.572302385636,
    "output_throughput": 3339.670344865269,
    "total_throughput": 7097.242647250904,
    "itl": 253.05200023289692,
    "ttft": 2232343.7807314275,
    "total_loads_from_disk": 0,
    "total_loads_from_memory": 192,
    "loading_time_from_disk": 0,
    "loading_time_from_memory": 0.6133148071914922,
    "arrivals": 606786,
    "finished_requests": 55052,
    "scheduler_time": 34.063881826808945
}
#Debug simulation 
Total elapsed time: 4.447281965985894. Arrivals time: 0.4537675860337913 Scheduler time: 3.8928162325173616 Scheduler overhead time: 0.02274712035432458 Adapter cache time: 0.04315841058269143 Engine time: 0.0237690769135952 
Execution time: 6.7624 seconds
Average CPU usage: 91.78%
Average memory usage: 277.74 MB
