---Simulation End---
#Simulation results
{
    "duration": 3.1831227182410657,
    "estimated_duration": 3600.01911497931,
    "input_throughput": 1814.1637006384437,
    "output_throughput": 1595.5106949572437,
    "total_throughput": 3409.674395595687,
    "itl": 22.24624895553887,
    "ttft": 205202.4553210469,
    "total_loads_from_disk": 0,
    "total_loads_from_memory": 2123,
    "loading_time_from_disk": 0,
    "loading_time_from_memory": 7.035294641740486,
    "arrivals": 27123,
    "finished_requests": 26326,
    "scheduler_time": 15.765086876227103
}
#Debug simulation 
Total elapsed time: 3.183231527917087. Arrivals time: 0.07965396670624614 Scheduler time: 2.6972944950684905 Scheduler overhead time: 0.1567550771869719 Adapter cache time: 0.03239299589768052 Engine time: 0.14701135270297527 
Execution time: 3.3384 seconds
Average CPU usage: 85.66%
Average memory usage: 136.00 MB
