---Simulation End---
#Simulation results
{
    "duration": 103.47998771397397,
    "estimated_duration": 3600.032874725759,
    "input_throughput": 6772.556487239665,
    "output_throughput": 5923.890070482918,
    "total_throughput": 12696.446557722584,
    "itl": 79.94740704911048,
    "ttft": 2061881.777283811,
    "total_loads_from_disk": 0,
    "total_loads_from_memory": 572,
    "loading_time_from_disk": 0,
    "loading_time_from_memory": 4.258284752466751,
    "arrivals": 720217,
    "finished_requests": 98200,
    "scheduler_time": 335.95577748822734
}
#Debug simulation 
Total elapsed time: 103.48017442692071. Arrivals time: 0.7083512130193412 Scheduler time: 102.53781660227105 Scheduler overhead time: 0.09028817294165492 Adapter cache time: 0.020740731619298458 Engine time: 0.08809288451448083 
Execution time: 105.8082 seconds
Average CPU usage: 99.31%
Average memory usage: 335.46 MB
