---Simulation End---
#Simulation results
{
    "duration": 6.145741500891745,
    "estimated_duration": 3600.0028395894915,
    "input_throughput": 5671.457748718937,
    "output_throughput": 4914.651679001871,
    "total_throughput": 10586.109427720809,
    "itl": 106.60133068614938,
    "ttft": 1704685.9377488531,
    "total_loads_from_disk": 0,
    "total_loads_from_memory": 64,
    "loading_time_from_disk": 0,
    "loading_time_from_memory": 0.45299401134252526,
    "arrivals": 214101,
    "finished_requests": 81950,
    "scheduler_time": 37.286708692205686
}
#Debug simulation 
Total elapsed time: 6.145894731860608. Arrivals time: 0.27840286027640104 Scheduler time: 5.729687515646219 Scheduler overhead time: 0.04951439565047622 Adapter cache time: 0.012426003348082304 Engine time: 0.05192764149978757 
Execution time: 6.8380 seconds
Average CPU usage: 92.58%
Average memory usage: 179.54 MB
